#          BTJD             TJD             cts           e_cts             bkg       bkg_model            bkg2          e_bkg2
     1764.69886      1764.68792       7157.9233       1261.1981      -3404.6358        671.0669       3273.6654       1261.1981
     1764.71969      1764.70875       3559.3318       1263.3021      -5364.3619        932.8957       2543.2649       1263.3021
     1764.74052      1764.72958       1440.9138       1260.6953      -3415.6615        932.8957        145.8235       1260.6953
     1764.76135      1764.75042       3159.2105       1253.9030      -4961.6893        932.8957       1131.8649       1253.9030
     1764.78218      1764.77125       2206.1841       1255.9357      -1807.8263       1131.8649        932.8957       1255.9357
     1764.80301      1764.79208       6298.7181       1258.9579      -2937.4344        978.7697       3420.8977       1258.9579
     1764.82384      1764.81292        761.7102       1262.9771      -4067.6386        978.7697      -1743.3862       1262.9771
     1764.84468      1764.83375       3131.6192       1258.4227      -2577.9147        978.7697       1193.5078       1258.4227
     1764.86551      1764.85458       6318.9059       1259.4557      -4810.2371        978.7697       2264.5803       1259.4557
     1764.88634      1764.87542       4407.1664       1262.1991      -3133.7777        978.7697       1642.4952       1262.1991
     1764.90717      1764.89625       1833.6851       1278.5902      -2684.8160       1131.8649       2489.8932       1278.5902
     1764.92800      1764.91708       -236.2962       1250.6103      -2754.3153       1131.8649       1227.6458       1250.6103
     1764.94883      1764.93792       -543.5397       1254.5332      -2502.0223       1131.8649        -59.8938       1254.5332
     1764.96966      1764.95875       1896.5261       1262.9701      -2878.3005       1131.8649        470.2007       1262.9701
     1764.99049      1764.97958       1825.9979       1267.3135      -2870.1835       1131.8649        187.4183       1267.3135
     1765.01133      1765.00042      -1677.2192       1254.0640      -2189.4126       1131.8649      -2070.3391       1254.0640
     1765.03216      1765.02125       1791.5593       1267.8903      -1432.0780       1131.8649        671.0669       1267.8903
     1765.05299      1765.04208       3880.9755       1288.7194      -2765.6044        978.7697       -245.9036       1288.7194
     1765.07382      1765.06292        571.6922       1212.1315      -2502.4516       1092.4875         43.6271       1212.1315
     1765.09465      1765.08375       3825.0415       1256.9558      -2788.2479       1092.4875       1278.6323       1256.9558
     1765.11548      1765.10458      -1456.8968       1207.9911      -1000.9983       1092.4875       -912.2383       1207.9911
     1765.13631      1765.12542       -289.0000       1216.2936       -940.3513       1056.3821       -610.6967       1216.2936
     1765.15714      1765.14625       5229.3016       1206.2255      -1605.7730       1056.3821       4560.0333       1206.2255
     1765.17798      1765.16708        862.6058       1208.2510      -1862.6980        978.7697       -206.0232       1208.2510
     1765.19881      1765.18792       2429.4802       1252.1983      -2745.3437        932.8957       2862.1669       1252.1983
     1765.21964      1765.20875       7347.3799       1258.7477      -3852.9263        853.9724       2050.0686       1258.7477
     1765.24047      1765.22958       3969.7668       1240.5613      -3110.1611        734.8203       2258.8559       1240.5613
     1765.26130      1765.25042       2543.8672       1249.9224      -3269.5942        853.9724       3260.4103       1249.9224
     1765.28213      1765.27125       4139.4676       1197.8238      -1916.6737        734.8203        978.7697       1197.8238
     1765.30296      1765.29208       2871.9735       1245.8312      -2186.5017        734.8203       -479.9641       1245.8312
     1765.32379      1765.31292       1660.2600       1251.6114      -2442.9717        693.9889        669.8539       1251.6114
     1765.34463      1765.33375      -1641.2215       1239.7490       -812.3461        734.8203        549.0758       1239.7490
     1765.36546      1765.35458        339.9274       1234.7532      -2129.3163        734.8203        192.2454       1234.7532
     1765.38629      1765.37542       2257.2666       1243.7840      -2092.4232        693.9889       1562.9114       1243.7840
     1765.40712      1765.39625       1181.7643       1249.7204       -940.9399        693.9889        596.7645       1249.7204
     1765.42795      1765.41708       1480.7182       1263.4825      -2841.7165        693.9889       2116.8547       1263.4825
     1765.44878      1765.43792       -634.9226       1260.6047      -2254.5516        671.0669       1180.7585       1260.6047
     1765.46961      1765.45875       4452.0347       1256.6930      -2978.7030        671.0669       4569.8704       1256.6930
     1765.49044      1765.47958      -1017.1214       1269.2543      -1499.0954        693.9889       -519.7530       1269.2543
     1765.51128      1765.50042       3340.2852       1258.3603      -1788.7037        693.9889       2550.1360       1258.3603
     1765.53211      1765.52125        544.8900       1249.9195      -2352.4386        734.8203        487.6611       1249.9195
     1765.55294      1765.54208       2278.7595       1216.7765      -1132.8210        853.9724       1092.4875       1216.7765
     1765.57377      1765.56292        616.4824       1261.2216      -1466.3929        910.4204       2639.2684       1261.2216
     1765.59460      1765.58375       1671.7024       1255.8679      -1371.2952        910.4204       1056.3821       1255.8679
     1765.61543      1765.60458        -69.8836       1220.9032      -3299.3674        910.4204       -944.7540       1220.9032
     1765.63626      1765.62542      -3205.4085       1222.9335       -656.2386        942.6607      -1493.7110       1222.9335
     1765.65709      1765.64625       1934.4905       1227.6130      -2374.5844        977.4056        853.9724       1227.6130
     1765.67793      1765.66708       -303.9434       1233.4728      -1259.6915        977.4056       -913.6873       1233.4728
     1765.69876      1765.68792        682.6824       1264.3900      -3812.7956        977.4056        734.8203       1264.3900
     1765.71959      1765.70875      -1088.3524       1269.9849      -1732.1800        942.6607        485.0861       1269.9849
     1765.74042      1765.72958       2698.6771       1220.4934      -2018.1036        942.6607       2440.5957       1220.4934
     1765.76125      1765.75042       1656.1967       1221.3899       -286.4321        910.4204        693.9889       1221.3899
     1765.78208      1765.77125       4020.9489       1242.9206      -1212.1210        853.9724       1744.5472       1242.9206
     1765.80291      1765.79208       -550.9686       1226.7074      -3281.1501        853.9724       -817.0925       1226.7074
     1765.82374      1765.81292       1768.2290       1268.0979       -560.1177        910.4204       2830.6838       1268.0979
     1765.84458      1765.83375       3622.9824       1233.6722       -763.5188        942.6607       1810.7681       1233.6722
     1765.86541      1765.85458       -541.5242       1262.9814      -2980.2978        977.4056       -487.4206       1262.9814
     1765.88624      1765.87542       3602.1788       1256.4553      -1829.2405        977.4056        910.4204       1256.4553
     1765.90707      1765.89625        962.0018       1242.0770      -1476.8520        977.4056        977.4056       1242.0770
     1765.92790      1765.91708        624.0151       1243.0466      -1031.6953       1035.9238        448.0351       1243.0466
     1765.94873      1765.93792        668.7954       1230.0886        115.1256        977.4056       -909.6634       1230.0886
     1765.96956      1765.95875        777.6119       1220.1406      -1523.3154        977.4056       1351.4747       1220.1406
     1765.99039      1765.97958      -2725.5328       1247.3859      -1302.2157        942.6607      -1046.6325       1247.3859
     1766.01122      1766.00042      -1840.9691       1267.6979       -608.7087        942.6607       1060.3769       1267.6979
     1766.03206      1766.02125       5352.6947       1257.5378       -445.0569        942.6607       1861.8564       1257.5378
     1766.05289      1766.04208       2133.8889       1238.1057      -2320.1991        977.4056       1364.1854       1238.1057
     1766.07372      1766.06292      -1605.6093       1233.2207        477.5091        977.4056       -346.6995       1233.2207
     1766.09455      1766.08375       -604.8854       1241.0634      -2090.4437        942.6607       1641.1854       1241.0634
     1766.11538      1766.10458       1037.6849       1246.0195      -1679.9494        910.4204        942.6607       1246.0195
     1766.13621      1766.12542       2510.7096       1238.2750      -3439.5211        910.4204       2402.0164       1238.2750
     1766.15704      1766.14625       2372.3301       1237.6315      -3421.7603        910.4204       2093.2016       1237.6315
     1766.17788      1766.16708       3476.5325       1237.7080      -3601.9717        910.4204        849.3401       1237.7080
     1766.19871      1766.18792       2086.2465       1247.3782      -1214.4937        942.6607        -45.9604       1247.3782
     1766.21954      1766.20875       -145.4386       1228.4595      -1630.1423        965.9767       1686.5417       1228.4595
     1766.24037      1766.22958         89.5130       1238.9461       -392.8761        965.9767      -1339.2703       1238.9461
     1766.26120      1766.25042      -2926.4468       1236.5789      -2359.4237        965.9767        354.2249       1236.5789
     1766.28203      1766.27125       -684.8693       1234.3372       -216.2596        965.9767       1121.6938       1234.3372
     1766.30286      1766.29208       3688.4136       1232.8400      -2590.8755        942.6607       1543.8885       1232.8400
     1766.32369      1766.31292       1734.7870       1243.9102      -1954.7473        942.6607       1314.3346       1243.9102
     1766.34453      1766.33375       4133.4651       1231.9912      -1731.3950        910.4204       2503.8117       1231.9912
     1766.36536      1766.35458       1526.7025       1216.5017        983.8633        849.3401        593.8384       1216.5017
     1766.38619      1766.37542       1552.2341       1229.5429       -201.1118        849.3401       1900.2475       1229.5429
     1766.40702      1766.39625        126.5903       1235.5150      -1352.5041        743.9666       1035.9238       1235.5150
     1766.42785      1766.41708       2689.4131       1235.4748      -2309.8713        743.9666      -2319.1107       1235.4748
     1766.44868      1766.43792       -672.8685       1247.3489      -1525.5373        743.9666       2207.2485       1247.3489
     1766.46951      1766.45875      -1035.8953       1220.1265       -241.7956        743.9666        299.0875       1220.1265
     1766.49034      1766.47958       -706.2119       1242.1726      -1495.3510        593.8384        743.9666       1242.1726
     1766.51118      1766.50042       4168.3884       1241.3051       -993.1182        593.8384       2170.7129       1241.3051
     1766.53201      1766.52125       1285.6341       1242.5892        523.2364        572.0087       1411.3556       1242.5892
     1766.55284      1766.54208       1147.0780       1244.1015      -1579.7307        451.4856       2516.9950       1244.1015
     1766.57367      1766.56292       -346.7706       1237.3098        119.6335        388.6727        300.1672       1237.3098
     1766.59450      1766.58375      -2312.5779       1233.3436      -1066.4747        388.6727       -600.1793       1233.3436
     1766.61533      1766.60458      -1765.8321       1236.7209       -972.2547        388.6727      -1329.0540       1236.7209
     1766.63616      1766.62542        213.0575       1223.6815       -537.7060        388.6727      -1072.0150       1223.6815
     1766.65699      1766.64625      -2739.1578       1247.7129        942.7828        388.6727      -1345.1477       1247.7129
     1766.67783      1766.66708       -395.0593       1245.6643      -2544.1125        388.6727        965.9767       1245.6643
     1766.69866      1766.68792       2771.2175       1237.8444       -714.6334        388.6727       1927.2823       1237.8444
     1766.71949      1766.70875      -1979.5809       1230.5969      -2045.2364        388.6727        116.3973       1230.5969
     1766.74032      1766.72958       2087.0547       1222.9888      -1519.0268        354.2249       1605.1631       1222.9888
     1766.76115      1766.75042       -605.0657       1235.7340      -2138.4684        388.6727       -152.8759       1235.7340
     1766.78198      1766.77125        639.0815       1238.2489      -2171.4560        431.9312       -420.8986       1238.2489
     1766.80281      1766.79208       -247.6928       1235.6498       -593.8523        388.6727      -1018.7102       1235.6498
     1766.82364      1766.81292      -1459.7653       1217.8911        920.0125        388.6727       -400.6975       1217.8911
     1766.84447      1766.83375      -2429.1617       1227.7496        208.9462        388.6727      -1225.6732       1227.7496
     1766.86531      1766.85458        597.2647       1229.1419      -1876.3358        309.0131        572.0087       1229.1419
     1766.88614      1766.87542       2276.2099       1230.4456         -8.5253        309.0131        451.4856       1230.4456
     1766.90697      1766.89625        342.8410       1236.3897        292.7665        300.1672       1153.3396       1236.3897
     1766.92780      1766.91708        -27.4596       1234.3569       2358.3983        299.0875       -150.6391       1234.3569
     1766.94863      1766.93792      -2819.5385       1229.4930      -1455.2080        300.1672      -3108.8872       1229.4930
     1766.96946      1766.95875       3285.2161       1225.5344       -609.1936        299.0875         77.8908       1225.5344
     1766.99029      1766.97958        -83.1776       1225.3853      -1857.3221        148.7119      -1668.6232       1225.3853
     1767.01113      1767.00042       -466.5836       1243.4958        597.4057        148.7119       -663.0995       1243.4958
     1767.03196      1767.02125        -78.4022       1240.8788       1484.3182        148.7119        388.6727       1240.8788
     1767.05279      1767.04208       -631.1397       1229.7286        314.9471        128.6094       -909.3869       1229.7286
     1767.07362      1767.06292      -1223.0678       1234.5193       -326.1809        128.6094      -1434.7608       1234.5193
     1767.09445      1767.08375       2640.2588       1239.8861       -620.7575        116.3973       1187.0225       1239.8861
     1767.11528      1767.10458       -557.9381       1247.8434       -724.9186        128.6094       2503.7483       1247.8434
     1767.13611      1767.12542      -3330.3146       1225.3631       -337.9314        148.7119        431.9312       1225.3631
     1767.15694      1767.14625      -2400.1383       1250.0230         24.6038        148.7119       1207.8254       1250.0230
     1767.17778      1767.16708       4080.7723       1239.5382      -2272.8575        148.7119       1494.2404       1239.5382
     1767.19861      1767.18792       2453.1573       1241.5954      -2309.5841        148.7119       -307.7458       1241.5954
     1767.21944      1767.20875       1929.4239       1255.9619       -873.3394        148.7119       -459.1328       1255.9619
     1767.24027      1767.22958        544.7459       1241.7959       -813.2439        148.7119       1651.5836       1241.7959
     1767.26110      1767.25042       3152.9109       1249.3225      -1571.6249        128.6094        525.0308       1249.3225
     1767.28193      1767.27125       3023.7029       1261.3957      -2077.5663        128.6094        309.0131       1261.3957
     1767.30276      1767.29208       1718.4793       1265.0433       -510.9906        148.7119       1035.6786       1265.0433
     1767.32359      1767.31292       2442.4094       1241.8046       1749.6348        148.7119       1227.4549       1241.8046
     1767.34443      1767.33375      -1387.0128       1246.6984         34.1382        223.2939      -1586.2527       1246.6984
     1767.36526      1767.35458        169.1970       1266.8446      -1300.5161        255.0805       1285.8358       1266.8446
     1767.38609      1767.37542      -2327.1279       1259.8938       -926.4863        223.2939        148.7119       1259.8938
     1767.40692      1767.39625       2625.0267       1273.7674       -883.4664        148.7119      -1766.9302       1273.7674
     1767.42775      1767.41708        598.2436       1259.0361       -260.8079        128.6094        690.1723       1259.0361
     1767.44858      1767.43792      -1675.3088       1242.1044        206.5777        148.7119       -218.2728       1242.1044
     1767.46941      1767.45875       2783.8058       1244.5192       -169.8295        148.7119        128.6094       1244.5192
     1767.49024      1767.47958       2224.5037       1234.7329       -694.2441        148.7119        635.0007       1234.7329
     1767.51108      1767.50042        490.3562       1241.1634       -484.9011        148.7119       1368.7696       1241.1634
     1767.53191      1767.52125       1960.6014       1238.1656       1124.2708        148.7119         41.3776       1238.1656
     1767.55274      1767.54208       1071.1948       1272.8960        126.7907        128.6094        606.6027       1272.8960
     1767.57357      1767.56292       -569.3613       1272.5923        693.3764        148.7119        -92.8439       1272.5923
     1767.59440      1767.58375       1623.7945       1247.6680       -499.8631        148.7119       1127.4126       1247.6680
     1767.61523      1767.60458       2322.1896       1288.2739         93.7038        128.6094       1069.9346       1288.2739
     1767.63606      1767.62542      -1707.1873       1246.5404        793.9939        128.6094      -1924.6843       1246.5404
     1767.65689      1767.64625       -913.4659       1266.7147       -296.4139        106.0089       -614.8892       1266.7147
     1767.67773      1767.66708       1446.6029       1240.6294       1223.7027         41.3776        255.0805       1240.6294
     1767.69856      1767.68792        704.3419       1248.3531        585.0899        -92.8439        223.2939       1248.3531
     1767.71939      1767.70875       -833.4247       1280.2475       -508.2316         41.3776       -365.7954       1280.2475
     1767.74022      1767.72958      -2494.0382       1251.1204       -424.9676         41.3776       -385.6823       1251.1204
     1767.76105      1767.75042      -1123.0275       1250.1323        587.9391        -92.8439       -928.5758       1250.1323
     1767.78188      1767.77125        950.5053       1274.7295       -331.1576       -218.2728        958.6659       1274.7295
     1767.80271      1767.79208       -909.4671       1273.4328      -1068.6766       -218.2728      -2031.0447       1273.4328
     1767.82355      1767.81292       3486.8731       1265.0035      -1844.1318       -248.3442       2012.2106       1265.0035
     1767.84438      1767.83375       -588.0807       1228.7865         32.8223       -350.0465       1469.2881       1228.7865
     1767.86521      1767.85458      -4567.8963       1246.8667       3004.6732       -248.3442      -1866.3016       1246.8667
     1767.88604      1767.87542      -1093.6868       1241.4238       2171.2258       -350.0465       -519.3152       1241.4238
     1767.90687      1767.89625      -1688.1162       1251.6605       1551.8820       -350.0465       -708.3645       1251.6605
     1767.92770      1767.91708       -304.5839       1289.4218       1213.1701       -248.3442        430.9992       1289.4218
     1767.94853      1767.93792      -2982.9864       1241.9368       1923.5612       -350.0465      -2429.5624       1241.9368
     1767.96936      1767.95875       1082.3722       1252.4715       -504.4927       -350.0465       -350.0465       1252.4715
     1767.99019      1767.97958       -913.2799       1266.1164        101.2051       -350.0465      -3603.3960       1266.1164
     1768.01103      1768.00042       2133.1935       1280.7035       -596.4960       -350.0465       -853.2577       1280.7035
     1768.03186      1768.02125      -2181.2070       1246.6391       1726.4176       -350.0465       -360.9678       1246.6391
     1768.05269      1768.04208      -2189.0863       1266.1119      -1184.0032       -350.0465        195.8253       1266.1119
     1768.07352      1768.06292       1501.4219       1324.6590        435.1779       -360.9678        106.0089       1324.6590
     1768.09435      1768.08375      -2167.2301       1265.7677        892.2291       -360.9678      -1311.8847       1265.7677
     1768.11518      1768.10458       6224.6073       1275.8563       -620.6426       -360.9678       1754.3510       1275.8563
     1768.13601      1768.12541      -1644.4223       1232.4101      -1741.0356       -365.7954      -2064.1173       1232.4101
     1768.15685      1768.14625      -2589.4621       1226.4061       1274.4225       -365.7954      -1818.5968       1226.4061
     1768.17768      1768.16708      -5147.1167       1270.3973        -31.1181       -365.7954       -248.3442       1270.3973
     1768.19851      1768.18791       2115.2633       1238.0136      -1637.6236       -369.2708       1344.4511       1238.0136
     1768.21934      1768.20875       3891.4780       1242.1388      -1954.9129       -385.6823       -829.8461       1242.1388
     1768.24017      1768.22958      -2041.2645       1241.4466       2804.5816       -519.3152      -2466.4797       1241.4466
     1768.26100      1768.25041      -3207.5274       1239.3552        716.6485       -519.3152      -1589.4175       1239.3552
     1768.28183      1768.27125          8.9479       1242.1003       2533.2378       -519.3152        936.9444       1242.1003
     1768.30266      1768.29208       -262.7497       1356.7378       -965.7983       -519.3152       -369.2708       1356.7378
     1768.32350      1768.31291        984.1840       1272.3845      -1901.5891       -519.3152       -700.9666       1272.3845
     1768.34433      1768.33375        908.6357       1262.3372       1228.9301       -700.9666        -85.4147       1262.3372
     1768.36516      1768.35458       -419.6390       1238.4520        962.3380       -708.3645      -2043.4558       1238.4520
     1768.38599      1768.37541      -1266.3283       1244.9416       2096.3137       -700.9666         69.6966       1244.9416
     1768.40682      1768.39625       6618.1425       1243.4572       -499.9748       -708.3645       2125.3916       1243.4572
     1768.42765      1768.41708      -1037.8357       1226.0219        296.4324       -700.9666      -1403.1111       1226.0219
     1768.44848      1768.43791      -2764.4529       1241.5346       3659.9411       -829.8461       1719.5136       1241.5346
     1768.46931      1768.45875       -108.8181       1240.3790       2006.7074       -700.9666       -214.2747       1240.3790
     1768.49015      1768.47958       -302.1447       1227.8936        250.5383       -829.8461        474.2589       1227.8936
     1768.51098      1768.50041       3001.6194       1236.3066        100.1120       -700.9666        607.8968       1236.3066
     1768.53181      1768.52125      -2156.1746       1253.3596        362.4530       -369.2708        -33.5453       1253.3596
     1768.55264      1768.54208      -3361.2383       1238.9800       4482.6486       -369.2708      -2157.2107       1238.9800
     1768.57347      1768.56291        957.4193       1236.4393        887.6844       -700.9666        916.2347       1236.4393
     1768.59430      1768.58375      88885.7851       1351.6182     -57089.0103       -720.7862       -194.5640       1351.6182
     1768.61513      1768.60458        913.5614       1251.2295       2493.5336       -720.7862       -868.2354       1251.2295
     1768.63596      1768.62541      -3838.1362       1235.8187       1725.6927       -720.7862      -1025.1536       1235.8187
     1768.65680      1768.64625       -999.2218       1270.5335        -12.1835       -700.9666       -850.3763       1270.5335
     1768.67763      1768.66708      -6391.9392       1217.2723       2820.9059       -700.9666      -1737.2574       1217.2723
     1768.69846      1768.68791        783.9755       1245.8339       1216.2674       -700.9666      -1946.4328       1245.8339
     1768.71929      1768.70875      -2455.3018       1224.6560       1318.3887       -700.9666      -2605.3050       1224.6560
     1768.74012      1768.72958       4080.5139       1243.5360        780.3498       -700.9666        256.4685       1243.5360
     1768.76095      1768.75041       -464.4347       1235.1713       2698.3512       -672.8328      -1220.7348       1235.1713
     1768.78178      1768.77125      -1030.0419       1237.9761       2083.0001       -672.8328          8.8341       1237.9761
     1768.80262      1768.79208      -1270.9434       1255.1383       1949.1805       -672.8328      -3327.8444       1255.1383
     1768.82345      1768.81291      -6024.5420       1239.9258       4682.5381       -700.9666      -2889.4041       1239.9258
     1768.84428      1768.83375      -3831.1861       1242.8515       2734.7682       -672.8328      -1020.0196       1242.8515
     1768.86511      1768.85458       1094.8089       1238.6165        860.9876       -720.7862       1107.2947       1238.6165
     1768.88594      1768.87541      -1261.5278       1236.9255       2803.7603       -672.8328      -1233.9668       1236.9255
     1768.90677      1768.89625       -607.2206       1257.7483       1335.4245       -720.7862        249.0756       1257.7483
     1768.92760      1768.91708        445.0262       1227.4959       2348.0009       -720.7862       -914.0580       1227.4959
     1768.94843      1768.93791       -369.2746       1256.0953       3387.2958       -672.8328         58.1738       1256.0953
     1768.96926      1768.95875      -3598.6747       1216.3845       2296.0266       -720.7862      -2897.4529       1216.3845
     1768.99010      1768.97958       3334.4738       1245.1345       1196.9088       -720.7862        249.8877       1245.1345
     1769.01093      1769.00041      -1259.6594       1253.2266       2049.0251       -724.9799        486.2298       1253.2266
     1769.03176      1769.02125        714.8790       1245.7158       2491.2954       -843.4514        206.9531       1245.7158
     1769.05259      1769.04208        498.4347       1247.6389       2109.6228       -850.3763       -720.7862       1247.6389
     1769.07342      1769.06291       -148.7736       1247.9848       4178.2023       -843.4514      -1654.7735       1247.9848
     1769.09425      1769.08375      -4638.7283       1233.1531       3571.6570       -843.4514       -843.4514       1233.1531
     1769.11508      1769.10458      -3701.4273       1234.4165       3269.8934       -850.3763       -295.9079       1234.4165
     1769.13592      1769.12541      -3413.1286       1280.1880       2753.5406       -843.4514       -257.8941       1280.1880
     1769.15675      1769.14625      -1546.7484       1247.1654       2965.8154       -724.9799      -1040.5917       1247.1654
     1769.17758      1769.16708      -3538.7165       1240.4617       3869.2394       -724.9799        177.8213       1240.4617
     1769.19841      1769.18791         18.0179       1308.6797       1775.1592       -724.9799       -580.5786       1308.6797
     1769.21924      1769.20875      -3585.8322       1259.9496       5201.3472       -720.7862      -2981.4347       1259.9496
     1769.24007      1769.22958      -1925.5877       1259.2558       3526.2799       -706.3698       -672.8328       1259.2558
     1769.26090      1769.25041       -327.9494       1248.7309       3910.7702       -720.7862      -2744.7501       1248.7309
     1769.28173      1769.27125        339.6585       1247.5690       4979.9822       -706.3698        -56.8549       1247.5690
     1769.30257      1769.29208      -8194.1738       1243.3152       7586.2409       -706.3698      -2079.9946       1243.3152
     1769.32340      1769.31291      -2302.3883       1272.2062       3986.3746       -672.8328        664.0044       1272.2062
     1769.34423      1769.33375       -546.2338       1261.9003       4373.8462       -672.8328       -724.9799       1261.9003
     1769.36506      1769.35458        268.4228       1273.9294       3974.7923       -619.4000        857.1121       1273.9294
     1769.38589      1769.37541      -3202.4130       1272.3971       5695.8512       -672.8328      -4326.1721       1272.3971
     1769.40672      1769.39625       2689.0221       1285.2867       6725.0467       -619.4000        506.4425       1285.2867
     1769.42755      1769.41708        173.5855       1266.9563       5422.2836       -619.4000       -367.8176       1266.9563
     1769.44839      1769.43791       -566.8382       1261.0284       5438.7783       -619.4000      -1167.9678       1261.0284
     1769.46922      1769.45875         24.7904       1264.3404       5911.0441       -672.8328       -565.8235       1264.3404
     1769.49005      1769.47958      -3231.6232       1271.3187       7459.6831       -619.4000      -2191.9196       1271.3187
     1769.51088      1769.50041      -4348.4026       1260.8373       6762.7985       -619.4000      -2318.3867       1260.8373
     1769.53171      1769.52125      -5322.8055       1261.2074       9788.1375       -619.4000      -1989.8083       1261.2074
     1769.55254      1769.54208       -112.0172       1262.3581       9226.8356       -619.4000       1077.1149       1262.3581
     1769.57337      1769.56291      -2266.7874       1267.2568       8929.6756       -619.4000       -185.2166       1267.2568
     1769.59420      1769.58375       -334.5783       1329.3045       9514.1297       -619.4000      -1983.9314       1329.3045
     1769.61504      1769.60458       1347.8688       1278.3780       9444.3558       -580.5786       -528.0013       1278.3780
     1769.63587      1769.62541       -758.7355       1275.3410       7504.7550       -619.4000       -706.3698       1275.3410
     1769.65670      1769.64625      -4990.8938       1283.5615       8209.9793       -619.4000      -2222.9941       1283.5615
     1769.67753      1769.66708      -5133.1600       1277.6196       7924.1686       -580.5786      -1412.0273       1277.6196
     1769.69836      1769.68791       -122.8234       1288.2500       8642.2273       -580.5786         -5.4967       1288.2500
     1769.71919      1769.70875       1468.2210       1283.6981       8329.8049       -565.8235       -330.3266       1283.6981
     1769.74002      1769.72958      -2450.0529       1292.3361       9616.6522       -528.0013      -2146.1640       1292.3361
     1769.76085      1769.75041      -2429.0548       1287.8685       9549.2026       -367.8176       -237.7258       1287.8685
     1769.78169      1769.77125          6.9755       1329.5125      12392.0344       -367.8176        821.7663       1329.5125
     1769.80252      1769.79208       3540.7274       1370.5357       9586.7714       -367.8176       -619.4000       1370.5357
     1769.82335      1769.81291       -535.3245       1365.0565      10733.5349       -330.3266       -969.2283       1365.0565
     1769.84418      1769.83375       1311.9934       1309.9813       8001.2598       -367.8176        840.6631       1309.9813
     1769.86501      1769.85458      -2003.6724       1270.3774       9806.7385       -330.3266      -1232.7353       1270.3774
     1769.88584      1769.87541       1922.9716       1260.6621      10082.8253       -330.3266       -294.4593       1260.6621
     1769.90667      1769.89625      -1599.2824       1291.9436       8697.1790       -330.3266       1852.0072       1291.9436
     1769.92750      1769.91708       -265.7024       1256.3223      12880.4521       -367.8176      -1093.8791       1256.3223
     1769.94834      1769.93791       -466.7718       1288.0109      11931.1551       -411.7951      -1439.6069       1288.0109
     1769.96917      1769.95875       2175.5047       1290.7661      11514.0269       -330.3266       -296.6694       1290.7661
     1769.99000      1769.97958       -451.8716       1278.2762       9621.6378       -330.3266        830.9016       1278.2762
     1770.01083      1770.00041       3121.4340       1297.4989      11093.5757       -330.3266       2255.4034       1297.4989
     1770.03166      1770.02125       1877.9956       1295.5396      14567.2645       -330.3266       1874.2862       1295.5396
     1770.05249      1770.04208      -4714.0144       1289.0273      13525.8275       -330.3266      -3973.1602       1289.0273
     1770.07332      1770.06291      -1614.6266       1266.3690      12202.5359       -411.7951       -852.8947       1266.3690
     1770.09416      1770.08375      -1418.4672       1288.4288       9246.5274       -411.7951       -120.5596       1288.4288
     1770.11499      1770.10458       2021.5967       1291.7265      14073.8557       -330.3266      -1388.8167       1291.7265
     1770.13582      1770.12541       -561.1281       1268.7190      16355.4456       -330.3266       1126.7935       1268.7190
     1770.15665      1770.14625       -556.3428       1297.6011      16949.1140       -296.6694        953.8514       1297.6011
     1770.17748      1770.16708       4441.4292       1273.4000      15061.6669       -296.6694       1354.5242       1273.4000
     1770.19831      1770.18791       2395.8721       1300.8467      15901.5767       -294.4593         23.2403       1300.8467
     1770.21914      1770.20875       -724.7766       1274.5689      15352.3610       -296.6694       1261.7329       1274.5689
     1770.23997      1770.22958      -1698.0192       1304.6546      17674.3219       -296.6694       -100.1795       1304.6546
     1770.26081      1770.25041      -3130.9813       1304.8445      10533.3177       -296.6694      -1367.1089       1304.8445
     1770.28164      1770.27125       1463.5879       1302.7158      21581.0714       -411.7951       1451.7749       1302.7158
     1770.30247      1770.29208      -1075.9540       1324.9829      18263.7532       -619.4000       -229.8793       1324.9829
     1770.32330      1770.31291      -4486.4715       1305.8211      18956.7739       -722.8656      -4097.7626       1305.8211
     1770.34413      1770.33375      -1420.4229       1316.8269      21560.8331       -556.4491        224.6472       1316.8269
     1770.36496      1770.35458      -4713.8754       1314.4099      22419.9192       -722.8656       -215.2075       1314.4099
     1770.38579      1770.37541      -5235.9707       1308.6962      20599.3935       -556.4491      -1800.6038       1308.6962
     1770.40663      1770.39625       -824.0652       1302.1088      21305.0338       -556.4491       -411.7951       1302.1088
     1770.42746      1770.41708        209.5861       1308.8870      19904.6431       -722.8656      -2029.5115       1308.8870
     1770.44829      1770.43791       -745.1756       1300.8151      18485.8845       -722.8656          2.1154       1300.8151
     1770.46912      1770.45875      -2621.9689       1302.1922      22109.3561       -556.4491       -722.8656       1302.1922
     1770.48995      1770.47958      -5127.5774       1309.8882      21298.1041       -722.8656      -2857.1387       1309.8882
     1770.51078      1770.50041      -3600.5287       1324.1042      26139.6417       -823.1946      -1575.1948       1324.1042
     1770.53161      1770.52125      -3274.0234       1307.9291      21667.6668       -823.1946      -3308.7563       1307.9291
     1770.55244      1770.54208      -1714.3306       1302.5962      18510.7863       -823.1946      -2577.9677       1302.5962
     1770.57328      1770.56291        492.6992       1296.6968      23982.9708       -722.8656        647.6490       1296.6968
     1770.59411      1770.58375       -391.3624       1293.3653      17717.4267       -722.8656       1949.7708       1293.3653
     1770.61494      1770.60458      -2951.2775       1289.9063      20888.4090       -722.8656      -1929.6643       1289.9063
     1770.63577      1770.62541         15.1764       1295.3444      20905.3819       -621.6139        157.6634       1295.3444
     1770.65660      1770.64625      -3222.4169       1282.2624      20532.2434       -722.8656      -1012.1973       1282.2624
     1770.67743      1770.66708        452.6054       1290.0870      17687.2988       -823.1946         -7.6602       1290.0870
     1770.69826      1770.68791      -1316.6451       1299.9536      19315.6949       -823.1946      -2939.9471       1299.9536
     1770.71909      1770.70875      -3356.1434       1304.2332      25875.1317      -1012.1973      -2118.8030       1304.2332
     1770.73993      1770.72958      -3124.9736       1302.8464      27901.5219      -1012.1973      -1972.7095       1302.8464
     1770.76076      1770.75041      -3749.4547       1312.0573      23333.1820      -1033.3737      -2071.4439       1312.0573
     1770.78159      1770.77125      -6789.6795       1311.5512      28790.6127      -1033.3737      -4758.2785       1311.5512
     1770.80242      1770.79208      -5732.8637       1306.2367      32234.8784      -1212.2073      -2044.4832       1306.2367
     1770.82325      1770.81291      -2556.9774       1300.3001      24518.1611      -1212.2073       -556.4491       1300.3001
     1770.84408      1770.83375      -3937.6264       1308.9170      26233.2904      -1212.2073      -2267.1172       1308.9170
     1770.86491      1770.85458        -70.6991       1330.5379      32570.7884      -1212.2073        482.8173       1330.5379
     1770.88574      1770.87541        809.8218       1303.4763      21398.5662      -1526.8986       -192.9670       1303.4763
     1770.90658      1770.89625      -5380.8757       1291.1150      24339.0832      -1526.8986      -2680.0882       1291.1150
     1770.92741      1770.91708        737.1759       1322.9010      32560.7309      -1549.7599      -1033.3737       1322.9010
     1770.94824      1770.93791        196.2700       1305.0368      36112.5488      -1549.7599        -87.4478       1305.0368
     1770.96907      1770.95875      -3452.4135       1290.6395      23552.1200      -1556.8036      -4148.4114       1290.6395
     1770.98990      1770.97958      -1189.5049       1314.7642      36894.9749      -1575.1948       -823.1946       1314.7642
     1771.01073      1771.00041      -1082.1319       1306.8875      34955.7697      -1556.8036        162.3562       1306.8875
     1771.03156      1771.02125      -4266.3876       1318.2511      34369.7703      -1549.7599       -621.6139       1318.2511
     1771.05240      1771.04208       2442.7547       1306.6236      22955.7431      -1526.8986        900.4570       1306.6236
     1771.07323      1771.06291      -5123.2353       1336.6531      37172.2817      -1290.0741      -1894.4684       1336.6531
     1771.09406      1771.08375      -3902.8073       1326.1675      27409.6499      -1290.0741         56.9169       1326.1675
     1771.11489      1771.10458      -4700.0013       1328.3226      29954.4165      -1290.0741       -189.8181       1328.3226
     1771.13572      1771.12541      -4271.2169       1340.0862      39432.2802      -1290.0741      -3642.0907       1340.0862
     1771.15655      1771.14625      -7877.3326       1306.7561      29109.7340      -1290.0741      -4306.5652       1306.7561
     1771.17738      1771.16708         78.4736       1317.8220      25973.3425      -1290.0741        601.2506       1317.8220
     1771.19821      1771.18791      -3665.7850       1329.5047      35051.6477      -1290.0741      -1526.8986       1329.5047
     1771.21905      1771.20875      -1881.4218       1299.5318      26636.3839      -1212.2073       -301.8954       1299.5318
     1771.23988      1771.22958      -2358.3158       1305.7330      26222.3417      -1033.3737      -1212.2073       1305.7330
     1771.26071      1771.25041      -3929.7286       1313.3080      26635.5759       -823.1946      -2087.0635       1313.3080
     1771.28154      1771.27125      -2906.6867       1323.3046      37882.2544       -823.1946      -3637.5721       1323.3046
     1771.30237      1771.29208      -2510.7762       1335.1131      38351.8737       -779.9716       1155.9166       1335.1131
     1771.32320      1771.31291      -2893.9374       1329.2919      38813.4008       -759.1682      -1549.7599       1329.2919
     1771.34403      1771.33375      -1777.6112       1314.3269      39611.9251       -759.1682        606.3124       1314.3269
     1771.36487      1771.35458      -6299.0016       1316.9542      33819.0549       -671.4977      -3064.1186       1316.9542
     1771.38570      1771.37541      -4941.7405       1328.1132      31073.7125       -671.4977      -3079.3022       1328.1132
     1771.40653      1771.39625      -4308.2837       1304.9163      26473.2212       -671.4977      -2184.3266       1304.9163
     1771.42736      1771.41708      -2330.5257       1318.7369      37228.3070       -621.6139      -1902.2629       1318.7369
     1771.44819      1771.43791      -2007.2750       1326.5650      35486.0991       -589.1765      -1556.8036       1326.5650
     1771.46902      1771.45875      -5850.5524       1307.2341      27442.6851       -589.1765      -3387.0972       1307.2341
     1771.48985      1771.47958       -966.1327       1319.1091      32002.5006       -589.1765        735.1466       1319.1091
     1771.51068      1771.50041      -1036.6005       1339.2223      42260.3818       -554.0047      -1290.0741       1339.2223
     1771.53152      1771.52125      -2087.2448       1337.3780      33125.8085       -554.0047       -779.9716       1337.3780
     1771.55235      1771.54208      -1970.4638       1322.7905      33699.1369       -554.0047       -671.4977       1322.7905
     1771.57318      1771.56291       1042.5037       1324.5360      35294.7305       -554.0047       1545.8073       1324.5360
     1771.59401      1771.58375      -2352.5077       1350.1625      38616.9735       -301.8954       -589.1765       1350.1625
     1771.61484      1771.60458      -3748.2737       1343.1004      40004.6110       -301.8954      -1425.7595       1343.1004
     1771.63567      1771.62541      -1461.8634       1341.3220      48090.5385       -301.8954        356.6065       1341.3220
     1771.65650      1771.64625       -393.5149       1353.9154      37982.8721       -301.8954         21.5067       1353.9154
     1771.67734      1771.66708       2580.8744       1354.7284      44321.2495       -301.8954       1728.7975       1354.7284
     1771.69817      1771.68791         54.4225       1362.5187      39752.7604       -554.0047       1466.1442       1362.5187
     1771.71900      1771.70875      -1057.2339       1371.2204      50756.4060       -301.8954       1526.1124       1371.2204
     1771.73983      1771.72958       1042.3053       1359.7191      53650.9426       -554.0047       1724.3624       1359.7191
     1771.76066      1771.75041      -1064.1296       1364.3036      42116.0769         21.5067      -1429.3245       1364.3036
     1771.78149      1771.77125        256.6332       1371.7654      44630.3063        331.9034       -554.0047       1371.7654
     1771.80232      1771.79208       1166.5854       1377.2423      45782.6714        356.6065       -759.1682       1377.2423
     1771.82315      1771.81291        616.4987       1367.8807      49204.4454        356.6065       2945.8439       1367.8807
     1771.84399      1771.83375       5242.2962       1372.1048      46980.7430        375.0825       3791.1918       1372.1048
     1771.86482      1771.85458       3936.8583       1373.0242      57791.5552        375.0825       4069.3270       1373.0242
     1771.88565      1771.87541       2137.3311       1384.4483      46250.5426        375.0825       3008.8532       1384.4483
     1771.90648      1771.89625       -315.3916       1385.0124      48370.9942        375.0825       1240.4764       1385.0124
     1771.92731      1771.91708      -1124.5680       1381.7743      47222.5183        494.3055        740.2632       1381.7743
     1771.94814      1771.93791       2548.4455       1373.6075      44677.1066        494.3055       1428.1415       1373.6075
     1771.96897      1771.95875      -4667.4541       1377.7690      51016.6426        587.2643      -2878.3426       1377.7690
     1771.98980      1771.97958        948.3957       1375.9413      45171.6541        620.7754        620.7754       1375.9413
     1772.01064      1772.00041      -1520.1055       1377.2105      56002.8852        620.7754        375.0825       1377.2105
     1772.03147      1772.02125       -891.8504       1380.2940      49597.3231        620.7754       -719.2204       1380.2940
     1772.05230      1772.04208       2288.5935       1372.9565      49028.2255        620.7754        331.9034       1372.9565
     1772.07313      1772.06291       5515.5883       1385.5348      45155.8348        713.5148       1744.9659       1385.5348
     1772.09396      1772.08375         86.1711       1388.5947      47063.2048        713.5148       1517.9806       1388.5947
     1772.11479      1772.10458       4102.0661       1386.4870      52838.1659        740.2632       3275.8497       1386.4870
     1772.13562      1772.12541      -2203.1002       1382.6456      36399.7322       1240.4764      -1200.2545       1382.6456
     1772.15646      1772.14625       1542.9658       1357.8747      45650.1511       1389.5883      -1291.0891       1357.8747
     1772.17729      1772.16708      -2795.8262       1374.1756      40256.2351       1389.5883      -1413.0102       1374.1756
     1772.19812      1772.18791      -1961.9824       1365.8504      47913.0160       1389.5883        713.5148       1365.8504
     1772.21895      1772.20875      -1454.0569       1382.9970      24405.3011       1389.5883      -2517.3790       1382.9970
     1772.23978      1772.22958       6563.5997       1386.2845      34614.1247       1389.5883       3460.7756       1386.2845
     1772.26061      1772.25041       -890.0811       1379.3585      36302.5194       1389.5883        587.2643       1379.3585
     1772.28144      1772.27125       2842.7567       1380.4821      39729.4258       1428.1415       2090.5771       1380.4821
     1772.30227      1772.29208       7321.4458       1372.0579      39540.1136       1428.1415       4094.7631       1372.0579
     1772.32311      1772.31291       1276.3913       1379.0623      39972.6069       1517.9806        494.3055       1379.0623
     1772.34394      1772.33375       4697.8310       1381.3932      51267.1388       1517.9806       5610.7455       1381.3932
     1772.36477      1772.35458      -2361.6225       1380.0818      47765.5792       1517.9806       -434.7548       1380.0818
     1772.38560      1772.37541       -540.3045       1377.4140      42470.9872       1517.9806       -412.1122       1377.4140
     1772.40643      1772.39625       6204.0787       1371.0009      43077.7873       1517.9806       5155.5744       1371.0009
     1772.42726      1772.41708       -779.8088       1377.5528      42383.8251       1517.9806      -2066.0456       1377.5528
     1772.44809      1772.43791       2298.4575       1398.9410      44993.1384       1744.9659       2636.4283       1398.9410
     1772.46893      1772.45875     206557.4027       1696.8633     105270.6823       1744.9659      75604.5632       1696.8633
     1772.48976      1772.47958       2899.3594       1408.1073      44291.4085       2090.5771       1389.5883       1408.1073
     1772.51059      1772.50041      -1864.3766       1440.3080      27122.8361       2090.5771       -210.9016       1440.3080
     1772.53142      1772.52125      -3661.6047       1500.1005      42191.6151       2636.4283       -618.3703       1500.1005
     1772.55225      1772.54208        186.3960       2014.1639    -111291.1144       3245.0064      31625.4094       2014.1639
     1772.57308      1772.56291      11088.9219       2910.5092    -362952.5169       3275.8497      56464.6344       2910.5092
     1772.59391      1772.58375      16451.8790       2029.0563      83897.9522       3329.3994      15385.6296       2029.0563
     1772.61474      1772.60458       9630.7600       1860.7730      21270.1908       3329.3994      17074.3472       1860.7730
     1772.63558      1772.62541      -7070.5707       2008.4072     165318.7889       3460.7756      11059.5259       2008.4072
     1772.65641      1772.64625       2282.8169       2014.6352      55518.6192       3460.7756      -2973.5625       2014.6352
     1772.67724      1772.66708     109474.0393       2109.0329      64708.2699       3460.7756       3329.3994       2109.0329
     1772.69807      1772.68791     278738.4479       2564.3628     152145.2545       4094.7631      21402.7689       2564.3628
     1772.71890      1772.70875     115572.6884       2382.9519     115996.0160       5155.5744       3245.0064       2382.9519
     1772.73973      1772.72958      72446.6066       2441.1146     175559.5594       5610.7455      45391.0076       2441.1146
     1772.76056      1772.75041      62826.8008       2836.2976     260760.8465       8846.9357      10594.9750       2836.2976
     1772.78140      1772.77125      96935.5352       4420.5273     592842.8323      10594.9750     -52548.4627       4420.5273
     1772.80223      1772.79208     121584.3121       6115.0962     236084.2811      10594.9750      36621.5331       6115.0962
     1772.82306      1772.81291      83773.3628       4830.9802    -359266.5220      10594.9750      70891.2954       4830.9802
     1772.84389      1772.83375      40046.3149       4457.8615     249611.8311      10594.9750      49257.1516       4457.8615
     1772.86472      1772.85458      84063.3188       5663.7993     901495.9606      10594.9750      39930.2011       5663.7993
     1772.88555      1772.87541      78989.6867       5143.4302     322826.9601      10653.6393      41216.8190       5143.4302
     1772.90638      1772.89625       -571.5359       3770.0070      86592.3810      11059.5259      -5374.9676       3770.0070
     1772.92722      1772.91708      25425.8071       4016.7599     116221.4038      11059.5259      21064.7880       4016.7599
     1772.94805      1772.93791     -34131.0505       7617.7519     242166.9830      11059.5259     -53110.4237       7617.7519
     1772.96888      1772.95875     -14634.4163       7305.6013    1273105.5780      11059.5259      20605.6010       7305.6013
     1772.98971      1772.97958      22449.5739       5099.8500     628536.8763      10653.6393        333.2613       5099.8500
     1773.01054      1773.00041      27315.0638       5199.1226     310767.4209      10653.6393      11645.6451       5199.1226
     1773.03137      1773.02125      20068.6739       5485.7281     490673.3730      10653.6393      10653.6393       5485.7281
     1773.05220      1773.04208      28419.8250       5694.6161     556090.0936      10653.6393      33209.4079       5694.6161
     1773.07303      1773.06291      47014.8128       5932.6765     466555.4650      10594.9750      40899.4136       5932.6765
     1773.09387      1773.08375       9292.7365       6045.5802     338747.3939      10565.5635      -4321.2942       6045.5802
     1773.11470      1773.10458       8988.7341       6058.0847     697543.5952       9007.4390       8846.9357       6058.0847
     1773.13553      1773.12541     -21748.0029       4634.4276     547905.2509       8846.9357     -10465.9692       4634.4276
     1773.15636      1773.14625     -18494.1593       4500.0292     381530.1468       8846.9357     -27986.9514       4500.0292
     1773.17719      1773.16708     126576.7814       6111.5041    -942107.4477       9007.4390      32541.7102       6111.5041
     1773.19802      1773.18791       7093.5973       3633.8619    -504982.6476       9007.4390      15642.1323       3633.8619
     1773.21885      1773.20875      40276.8929       7050.9034   -3277123.0881       8846.9357      27431.5217       7050.9034
     1773.23969      1773.22958      35106.2208       8311.9443    -118930.6817       9007.4390      30914.9275       8311.9443
     1773.26052      1773.25041     -26872.2704       7924.9100    -693804.3157       9007.4390      14414.7721       7924.9100
     1773.28135      1773.27125      40457.9231       5211.1700     147151.5819       8846.9357       9007.4390       5211.1700
     1773.30218      1773.29208      11087.9178       5183.8560     195414.9841       8846.9357       4187.6392       5183.8560
     1773.32301      1773.31291     -11020.9102       5218.8982     220478.0676       8413.6361     -15721.3078       5218.8982
     1773.34384      1773.33375       4409.6459       5159.9929     179497.8678       4187.6392       -422.0138       5159.9929
     1773.36467      1773.35458     -42739.9527       5778.3487     691089.3331       2979.7586      18044.4283       5778.3487
     1773.38550      1773.37541     125604.6920       6529.4388    1874703.5745       2979.7586     155399.1240       6529.4388
     1773.40634      1773.39625      52815.9273       4938.7930    1238263.6522       2979.7586      -1906.1942       4938.7930
     1773.42717      1773.41708        910.2964       4820.4823      -5014.1975       2979.7586       8413.6361       4820.4823
     1773.44800      1773.43791       7499.2696       5937.9444     278673.1974        333.2613     -22349.5730       5937.9444
     1773.46883      1773.45875      23616.1014       5129.9706     328474.3605       2979.7586      -3614.9815       5129.9706
     1773.48966      1773.47958     -15997.4302       4967.5537    -113901.3327        333.2613     -31276.6950       4967.5537
     1773.51049      1773.50041      -1164.7527       5632.0987     143273.4874       -422.0138       2979.7586       5632.0987
     1773.53132      1773.52125      38578.6376       7367.9889     111465.2371       -422.0138      10565.5635       7367.9889
     1773.55216      1773.54208     -24632.1273       7276.9161     148242.8209      -1238.2058     -34095.1017       7276.9161
     1773.57299      1773.56291     -12766.8862       7170.4380     -13430.7029      -1906.1942     -20687.7721       7170.4380
     1773.59382      1773.58375      21606.7172       5263.9789    -251770.2980      -3614.9815     -15211.6558       5263.9789
     1773.61465      1773.60458      20954.0458       5042.3718     152597.5758      -3614.9815    -102717.1428       5042.3718
     1773.63548      1773.62541      39138.5912       5558.8530     561722.7562      -8966.6085      53696.6916       5558.8530
     1773.65631      1773.64625      88291.7135       5547.4581      80585.0355      -8966.6085     125866.2835       5547.4581
     1773.67714      1773.66708      24049.6255       6776.6993     214890.1184      -3614.9815      -8966.6085       6776.6993
     1773.69798      1773.68791      21249.5551       6496.3240     -56429.4269      -3614.9815      -1238.2058       6496.3240
     1773.71881      1773.70875      50822.9503       6011.0236     638094.1981      -8966.6085      17670.0294       6011.0236
     1773.73964      1773.72958      41482.4177       6269.9993     181335.5017      -8966.6085      46183.5180       6269.9993
     1773.76047      1773.75041      -3456.6715       6172.5749    -119944.7282      -9326.7063     -24122.7339       6172.5749
     1773.78130      1773.77125      -6429.4086       6100.9039    -374403.4777      -9326.7063    -108978.2947       6100.9039
     1773.80213      1773.79208     -20014.3626       6010.0101      55650.7908     -10995.4814    -121905.4556       6010.0101
     1773.82296      1773.81291       7487.2375       6223.2403     366509.4416     -11848.2287     -12175.0092       6223.2403
     1773.84379      1773.83375       8467.8525       6567.5683     523128.8403     -10995.4814     -16816.4826       6567.5683
     1773.86463      1773.85458      55538.9160       7483.3876     416086.1886     -11848.2287     100500.6971       7483.3876
     1773.88546      1773.87541     122202.2285       6394.9233     -95811.7824     -12175.0092      61569.8357       6394.9233
     1773.90629      1773.89625     -56242.7384       8075.4427    -809827.3694     -12175.0092     -11848.2287       8075.4427
     1773.92712      1773.91708      95471.6060       8402.3612    2232277.8892     -12175.0092    -150390.4171       8402.3612
     1773.94795      1773.93791      90734.9272       6569.4178    1353907.9651     -12175.0092      40342.2157       6569.4178
     1773.96878      1773.95875      27587.3938       6826.5575    -241064.8327     -11848.2287     -10995.4814       6826.5575
     1773.98961      1773.97958      17360.3753       6516.2952     -69835.7576     -12175.0092     -40948.8884       6516.2952
     1774.01045      1774.00041      50374.9428       6362.8996    1147544.3163     -11848.2287      18109.0063       6362.8996
     1774.03128      1774.02125      28672.1957       6422.4843     566269.0749     -11848.2287     -41099.0878       6422.4843
     1774.05211      1774.04208       9301.8117       6423.5780    -482757.1284     -12175.0092     -16235.5104       6423.5780
     1774.07294      1774.06291      14511.7751       8603.4865    -399095.3155     -12175.0092      -9326.7063       8603.4865
     1774.09377      1774.08375     -19292.7269       7601.8098     628727.6468     -12175.0092     -26315.7928       7601.8098
     1774.11460      1774.10458     -89371.1592       9931.0613     704650.2595     -12175.0092     -80973.7835       9931.0613
     1774.15626      1774.14625       2530.5388       9248.5870      41594.7930     -12175.0092     -93737.7446       9248.5870
     1774.19793      1774.18791      -4613.8724       5638.4725     -56146.4435     -12795.3103       6429.5073       5638.4725
     1774.28125      1774.27125    -255302.2650       2654.6577    -370520.8845     -12795.3103      23915.7024       2654.6577
     1774.36458      1774.35458     -14302.2483      10004.8942     114523.5537     -12795.3103     -80215.0037      10004.8942
     1774.38541      1774.37541      47271.0750      10423.6681     555672.8494     -16235.5104      33545.6072      10423.6681
     1774.40624      1774.39625      25690.8814       9136.8277     433208.8348     -16816.4826     -12795.3103       9136.8277
     1774.42707      1774.41708      -1171.7741       1856.2186      83272.5307     -24122.7339       2804.1630       1856.2186
     1774.48957      1774.47958    1039330.6600         32.1662     -38929.0944     -16816.4826    -224648.6998         32.1662
     1774.51040      1774.50041  -12578444.0771          2.3121    2754597.3939     -16235.5104  -13790835.5386          2.3121
     1774.63539      1774.62541         83.8862             nan         -0.0000     -12795.3103         14.1403             nan
     1774.73954      1774.72958     -64936.3352       1355.4529     -12515.3773     -12795.3103    -108327.4907       1355.4529
     1774.76038      1774.75041     -68453.7152       4579.7222    -184304.7646     -11848.2287     -31426.5512       4579.7222
     1774.78121      1774.77125     307860.8117       6299.2033   -2426783.1478     -11848.2287     332601.3264       6299.2033
     1774.80204      1774.79208     132740.7039       4839.1340    -747068.2053     -11848.2287     135940.9826       4839.1340
     1774.82287      1774.81291     187152.7691       4121.9810     729780.4929     -10995.4814     112292.3466       4121.9810
     1774.84370      1774.83375     361228.7207       5053.4775    -748305.8264      -9326.7063     248212.7857       5053.4775
     1774.86453      1774.85458     -69851.4782       5336.8145     570730.6167      -9326.7063    -140482.3587       5336.8145
     1774.88536      1774.87541     102197.2626       5525.1852    1020078.0362      -4911.2869      32743.2098       5525.1852
     1774.90619      1774.89625      53752.0255       5909.0696    1081620.3926      -1400.2184      16068.9259       5909.0696
     1774.92703      1774.91708     -31104.2556       6449.8637    -202903.2948      -2418.4246     -61120.9805       6449.8637
     1774.94786      1774.93791     -31481.8883       7556.8441    -618154.4673      -2418.4246    -110648.3490       7556.8441
     1774.96869      1774.95875       9334.4576       7974.1845   -1131927.0043      -1400.2184     -69466.7787       7974.1845
     1774.98952      1774.97958      -1175.5990       7993.3557    -257057.5490         14.1403     -93623.0165       7993.3557
     1775.01035      1775.00041     -96817.2977       8315.5244    -104286.2421       1372.2295     -90781.6777       8315.5244
     1775.03118      1775.02125   -7515475.0083       2727.0804    6466827.2549       2354.1389   -7422652.2144       2727.0804
     1775.05201      1775.04208   11032086.5931       3046.8710    5088317.5419       2354.1389   10895888.2410       3046.8710
     1775.07285      1775.06291      36972.9376       9125.3480     710885.0822       2354.1389     279359.7267       9125.3480
     1775.09368      1775.08375    -697133.5027       6375.5730   13061658.1893       2354.1389    -744672.0832       6375.5730
     1775.11451      1775.10458   -2489716.4568       4096.7817   25806229.9432       2804.1630   -1326036.1137       4096.7817
     1775.13534      1775.12541    -176974.6307      13196.5025   63042360.8936       2804.1630    -149743.4453      13196.5025
     1775.15617      1775.14625     663534.8134       1459.8272     485684.5871       3449.8092     490441.6224       1459.8272
     1775.17700      1775.16708    1881270.9821       9204.8773  -28065087.7877       3449.8092    1879219.2574       9204.8773
     1775.19783      1775.18791     521696.1699       7776.9871  -11590334.3050       4174.2965     520358.5358       7776.9871
     1775.21867      1775.20875      75507.8032       5452.5367   -1588280.7213       4174.2965      38566.3760       5452.5367
     1775.23950      1775.22958      -1219.8640       3063.1742     283425.2279       4507.2133      -4911.2869       3063.1742
     1775.26033      1775.25041       4110.6569       2972.0937     253258.9556       4507.2133       1372.2295       2972.0937
     1775.28116      1775.27125       -355.7204       2954.8269     258630.4984       4507.2133       4507.2133       2954.8269
     1775.30199      1775.29208       9638.2149       2964.5602     260143.4236       4174.2965       5618.9897       2964.5602
     1775.32282      1775.31291        305.7046       2936.1827     258840.1598       3449.8092      -1400.2184       2936.1827
     1775.34365      1775.33375       3820.9880       2916.9189     251306.5139       3084.7013       3449.8092       2916.9189
     1775.36449      1775.35458       9145.0433       2967.0195     248772.1227       2354.1389       5541.7825       2967.0195
     1775.38532      1775.37541       5289.8472       3031.6769     264676.5468       2354.1389       2354.1389       3031.6769
     1775.40615      1775.39625        -21.1483       3121.6166     286032.1518       2224.6376      -2418.4246       3121.6166
     1775.42698      1775.41708      -4322.5439       3167.2251     303568.4528       1372.2295      -3733.3638       3167.2251
     1775.44781      1775.43791      14099.1388       3181.0853     297687.0328       1372.2295       6120.7889       3181.0853
     1775.46864      1775.45875      16822.7054       3240.0713     308009.3045       1372.2295       5686.8063       3240.0713
     1775.48947      1775.47958      11920.2021       4035.0310     461545.4968       2224.6376      11773.8985       4035.0310
     1775.51030      1775.50041      -1322.2531       4148.0950     493782.0579       2354.1389      12007.9637       4148.0950
     1775.53114      1775.52125      20527.2839       4264.6114     517585.7527       2354.1389        663.6944       4264.6114
     1775.55197      1775.54208      -6290.1249       4334.7135     547455.7257       3084.7013      12318.2238       4334.7135
     1775.57280      1775.56291      -5979.1738       4469.5714     581518.5038       2354.1389       4174.2965       4469.5714
     1775.59363      1775.58375      21760.1373       4585.6945     590356.6236       2354.1389      15140.3331       4585.6945
     1775.61446      1775.60458       6684.5535       4750.2415     645395.4703       3084.7013       7555.5791       4750.2415
     1775.63529      1775.62541      15829.9807       4961.4687     613041.9848       3449.8092      19504.4294       4961.4687
     1775.65613      1775.64625      -9141.7267       5146.5926     772527.7364       3449.8092       3084.7013       5146.5926
     1775.67696      1775.66708      24145.8368       5269.3189     665517.7936       3084.7013      15666.3380       5269.3189
     1775.69779      1775.68791      -2220.1224       5500.6586     792771.5064       3084.7013     -17079.7028       5500.6586
     1775.71862      1775.70875      24549.7151       5627.8278     740401.6413       3084.7013      13662.4894       5627.8278
     1775.73945      1775.72958     -11810.3308       5864.8587     940518.1001       3084.7013     -11894.1006       5864.8587
     1775.76028      1775.75041     -26979.2574       5953.9776     950778.1709       3449.8092     -18753.9072       5953.9776
     1775.78111      1775.77124      -9688.1698       6103.6879     967254.4484       3449.8092     -11176.7593       6103.6879
     1775.80194      1775.79208      13795.9891       6292.1155     841877.5727       3084.7013       2224.6376       6292.1155
     1775.82278      1775.81291     -33330.8671       8665.8837    1378751.1212       3084.7013     -32443.9317       8665.8837
     1775.84361      1775.83374     -41873.8191       8693.1461    1354368.2435       3449.8092     -36947.2176       8693.1461
     1775.86444      1775.85458      -5205.3600       6778.5493    1016518.2394       4174.2965     -10745.4676       6778.5493
     1775.88527      1775.87541     -18255.3375       3478.6673     273452.1415       3084.7013     -16554.6712       3478.6673
     1775.90610      1775.89624      43138.4274       6799.3364    1557300.2894       4174.2965       -927.6856       6799.3364
     1775.92693      1775.91708     130762.1404       6273.7436    -155690.8283       4174.2965       -913.0488       6273.7436
     1775.94776      1775.93791      55204.5445       6178.4534     798885.2602       5686.8063     -69378.4807       6178.4534
     1775.96860      1775.95874     199165.6827      25196.2208   -8575276.5412       5686.8063     152374.7879      25196.2208
     1775.98943      1775.97958     388319.7201      20770.2321    -822269.7500       4174.2965     434893.7420      20770.2321
     1776.01026      1776.00041    -501698.7177       9356.7599    1345118.3644       3084.7013    -625167.9390       9356.7599
     1776.07275      1776.06291  342756378.2882             nan -435260539.9656       2224.6376  347367565.5616             nan
     1776.09358      1776.08374    7183291.2720          0.0303   81932175.2573       2224.6376 -103629372.9374          0.0303
     1776.11442      1776.10458   36063728.1294             nan  -20728318.9570       -913.0488   36806821.9934             nan
     1776.13525      1776.12541   -6150291.3996          0.0165   39453239.3629       -913.0488    4350016.3910          0.0165
     1776.19774      1776.18791   62941335.9862          1.0496   -2196800.4375       -927.6856   20211550.8551          1.0496
     1776.21857      1776.20874    1793729.2256          0.0193    3496304.2893       -927.6856  -12078431.2407          0.0193
     1776.23940      1776.22958  -11101268.5721          1.2556    3589774.4521       -927.6856  -12517799.3577          1.2556
     1776.26024      1776.25041   12313741.9829          2.0723    -572999.4937     -10745.4676   13233901.3823          2.0723
     1776.28107      1776.27124   11581539.7150         10.7001    -818028.1330     -10745.4676   12751762.7048         10.7001
